1,0
1,0,1,2,0
1,0,1,2,0,2,5,0
1,0,1,2,0,2,5,0,5,4,0
2,0
2,0,2,5,0
2,0,2,5,0,5,4,0
2,0,2,5,2,1,0
3,2,0
3,2,0,2,5,0
3,2,0,2,5,0,5,4,0
3,2,0,2,5,2,1,0
3,2,3,4,0
3,2,3,4,0,4,5,2,1,0
3,2,3,4,0,4,5,2,1,2,0
3,2,3,4,0,4,5,2,5,0
4,3,2,0
4,3,2,0,2,5,0
4,3,2,0,2,5,2,1,0
4,3,4,0
4,3,4,0,4,5,2,1,0
4,3,4,0,4,5,2,1,2,0
4,3,4,0,4,5,2,5,0
5,0
5,0,5,4,0
5,0,5,4,5,2,1,0
5,0,5,4,5,2,1,2,0


1,2,0
1,2,0,2,5,0
1,2,0,2,5,0,5,4,0
1,2,1,0
2,0
2,0,2,5,0
2,0,2,5,0,5,4,0
2,0,2,5,2,1,0
3,2,0
3,2,0,2,5,0
3,2,0,2,5,0,5,4,0
3,2,0,2,5,2,1,0
3,2,3,4,0
3,2,3,4,0,4,5,2,1,0
3,2,3,4,0,4,5,2,1,2,0
3,2,3,4,0,4,5,2,5,0
4,3,2,0
4,3,2,0,2,5,0
4,3,2,0,2,5,2,1,0
4,3,4,0
4,3,4,0,4,5,2,1,0
4,3,4,0,4,5,2,1,2,0
4,3,4,0,4,5,2,5,0
5,0
5,0,5,4,0
5,0,5,4,5,2,1,0
5,0,5,4,5,2,1,2,0


1,2,0
1,2,0,2,5,0
1,2,0,2,5,0,5,4,0
1,2,1,0
2,0
2,0,2,5,0
2,0,2,5,0,5,4,0
2,0,2,5,2,1,0
3,2,0
3,2,0,2,5,0
3,2,0,2,5,0,5,4,0
3,2,0,2,5,2,1,0
3,2,3,4,0
3,2,3,4,0,4,5,2,1,0
3,2,3,4,0,4,5,2,1,2,0
3,2,3,4,0,4,5,2,5,0
4,3,2,0
4,3,2,0,2,5,0
4,3,2,0,2,5,2,1,0
4,3,4,0
4,3,4,0,4,5,2,1,0
4,3,4,0,4,5,2,1,2,0
4,3,4,0,4,5,2,5,0
5,0
5,0,5,4,0
5,0,5,4,5,2,1,0
5,0,5,4,5,2,1,2,0


1,0
1,0,1,2,0
1,0,1,2,0,2,5,0
1,0,1,2,0,2,5,0,5,4,0
2,1,0
2,1,2,0
2,1,2,0,2,5,0
2,1,2,0,2,5,0,5,4,0
3,2,0
3,2,0,2,5,0
3,2,0,2,5,0,5,4,0
3,2,0,2,5,2,1,0
3,2,3,4,0
3,2,3,4,0,4,5,2,1,0
3,2,3,4,0,4,5,2,1,2,0
3,2,3,4,0,4,5,2,5,0
4,3,2,0
4,3,2,0,2,5,0
4,3,2,0,2,5,2,1,0
4,3,4,0
4,3,4,0,4,5,2,1,0
4,3,4,0,4,5,2,1,2,0
4,3,4,0,4,5,2,5,0
5,0
5,0,5,4,0
5,0,5,4,5,2,1,0
5,0,5,4,5,2,1,2,0


1,2,0
1,2,0,2,5,0
1,2,0,2,5,0,5,4,0
1,2,1,0
2,1,0
2,1,2,0
2,1,2,0,2,5,0
2,1,2,0,2,5,0,5,4,0
3,2,0
3,2,0,2,5,0
3,2,0,2,5,0,5,4,0
3,2,0,2,5,2,1,0
3,2,3,4,0
3,2,3,4,0,4,5,2,1,0
3,2,3,4,0,4,5,2,1,2,0
3,2,3,4,0,4,5,2,5,0
4,3,2,0
4,3,2,0,2,5,0
4,3,2,0,2,5,2,1,0
4,3,4,0
4,3,4,0,4,5,2,1,0
4,3,4,0,4,5,2,1,2,0
4,3,4,0,4,5,2,5,0
5,0
5,0,5,4,0
5,0,5,4,5,2,1,0
5,0,5,4,5,2,1,2,0


