11,d
3,11,d
1,3,11,d
2,1,3,11,d
2,1,2,10,4,1,3,11,d
10,2,1,3,11,d
10,2,10,4,1,3,11,d
4,1,3,11,d
4,1,4,10,2,1,3,11,d
5,1,3,11,d


11,d
3,11,d
1,3,11,d
2,1,3,11,d
2,1,2,10,4,1,3,11,d
10,2,1,3,11,d
10,2,10,4,1,3,11,d
4,1,3,11,d
4,1,4,10,2,1,3,11,d
5,1,3,11,d


11,d
3,11,d
1,3,11,d
2,1,3,11,d
2,1,2,10,4,1,3,11,d
10,2,1,3,11,d
10,2,10,4,1,3,11,d
4,1,3,11,d
4,1,4,10,2,1,3,11,d
5,1,3,11,d


11,d
3,11,d
1,3,11,d
2,1,3,11,d
2,1,2,10,4,1,3,11,d
10,2,1,3,11,d
10,2,10,4,1,3,11,d
4,1,3,11,d
4,1,4,10,2,1,3,11,d
5,1,3,11,d


11,d
3,11,d
1,3,11,d
2,1,3,11,d
2,1,2,10,4,1,3,11,d
10,2,1,3,11,d
10,2,10,4,1,3,11,d
4,1,3,11,d
4,1,4,10,2,1,3,11,d
5,1,3,11,d


11,d
3,11,d
1,3,11,d
2,1,3,11,d
2,1,2,10,4,1,3,11,d
10,2,1,3,11,d
10,2,10,4,1,3,11,d
4,1,3,11,d
4,1,4,10,2,1,3,11,d
5,1,3,11,d


11,d
3,11,d
1,3,11,d
2,1,3,11,d
2,1,2,10,4,1,3,11,d
10,2,1,3,11,d
10,2,10,4,1,3,11,d
4,1,3,11,d
4,1,4,10,2,1,3,11,d
5,1,3,11,d


11,d
3,11,d
1,3,11,d
2,1,3,11,d
2,1,2,10,4,1,3,11,d
10,2,1,3,11,d
10,2,10,4,1,3,11,d
4,1,3,11,d
4,1,4,10,2,1,3,11,d
5,1,3,11,d


11,d
3,11,d
1,3,11,d
2,1,3,11,d
2,1,2,10,4,1,3,11,d
10,2,1,3,11,d
10,2,10,4,1,3,11,d
4,1,3,11,d
4,1,4,10,2,1,3,11,d
5,1,3,11,d


11,d
3,11,d
1,3,11,d
2,1,3,11,d
2,1,2,10,4,1,3,11,d
10,2,1,3,11,d
10,2,10,4,1,3,11,d
4,1,3,11,d
4,1,4,10,2,1,3,11,d
5,1,3,11,d


11,d
3,11,d
1,3,11,d
2,1,3,11,d
2,1,2,10,4,1,3,11,d
10,2,1,3,11,d
10,2,10,4,1,3,11,d
4,1,3,11,d
4,1,4,10,2,1,3,11,d
5,1,3,11,d


11,d
3,11,d
1,3,11,d
2,1,3,11,d
2,1,2,10,4,1,3,11,d
10,2,1,3,11,d
10,2,10,4,1,3,11,d
4,1,3,11,d
4,1,4,10,2,1,3,11,d
5,1,3,11,d


11,d
3,11,d
1,3,11,d
2,1,3,11,d
2,1,2,10,4,1,3,11,d
10,2,1,3,11,d
10,2,10,4,1,3,11,d
4,1,3,11,d
4,1,4,10,2,1,3,11,d
5,1,3,11,d


11,d
3,11,d
1,3,11,d
2,1,3,11,d
2,1,2,10,4,1,3,11,d
10,2,1,3,11,d
10,2,10,4,1,3,11,d
4,1,3,11,d
4,1,4,10,2,1,3,11,d
5,1,3,11,d


11,d
3,11,d
1,3,11,d
2,1,3,11,d
2,1,2,10,4,1,3,11,d
10,2,1,3,11,d
10,2,10,4,1,3,11,d
4,1,3,11,d
4,1,4,10,2,1,3,11,d
5,1,3,11,d


11,d
3,11,d
1,3,11,d
2,1,3,11,d
2,1,2,10,4,1,3,11,d
10,2,1,3,11,d
10,2,10,4,1,3,11,d
4,1,3,11,d
4,1,4,10,2,1,3,11,d
5,1,3,11,d


11,d
3,11,d
1,3,11,d
2,1,3,11,d
2,1,2,10,4,1,3,11,d
10,4,1,3,11,d
10,4,10,2,1,3,11,d
4,1,3,11,d
4,1,4,10,2,1,3,11,d
5,1,3,11,d


11,d
3,11,d
1,3,11,d
2,1,3,11,d
2,1,2,10,4,1,3,11,d
10,4,1,3,11,d
10,4,10,2,1,3,11,d
4,1,3,11,d
4,1,4,10,2,1,3,11,d
5,1,3,11,d


11,d
3,11,d
1,3,11,d
2,1,3,11,d
2,1,2,10,4,1,3,11,d
10,4,1,3,11,d
10,4,10,2,1,3,11,d
4,1,3,11,d
4,1,4,10,2,1,3,11,d
5,1,3,11,d


11,d
3,11,d
1,3,11,d
2,1,3,11,d
2,1,2,10,4,1,3,11,d
10,4,1,3,11,d
10,4,10,2,1,3,11,d
4,1,3,11,d
4,1,4,10,2,1,3,11,d
5,1,3,11,d


11,d
3,11,d
1,3,11,d
2,1,3,11,d
2,1,2,10,4,1,3,11,d
10,4,1,3,11,d
10,4,10,2,1,3,11,d
4,1,3,11,d
4,1,4,10,2,1,3,11,d
5,1,3,11,d


11,d
3,11,d
1,3,11,d
2,1,3,11,d
2,1,2,10,4,1,3,11,d
10,4,1,3,11,d
10,4,10,2,1,3,11,d
4,1,3,11,d
4,1,4,10,2,1,3,11,d
5,1,3,11,d


11,d
3,11,d
1,3,11,d
2,1,3,11,d
2,1,2,10,4,1,3,11,d
10,4,1,3,11,d
10,4,10,2,1,3,11,d
4,1,3,11,d
4,1,4,10,2,1,3,11,d
5,1,3,11,d


11,d
3,11,d
1,3,11,d
2,1,3,11,d
2,1,2,10,4,1,3,11,d
10,4,1,3,11,d
10,4,10,2,1,3,11,d
4,1,3,11,d
4,1,4,10,2,1,3,11,d
5,1,3,11,d


11,d
3,11,d
1,3,11,d
2,1,3,11,d
2,1,2,10,4,1,3,11,d
10,4,1,3,11,d
10,4,10,2,1,3,11,d
4,1,3,11,d
4,1,4,10,2,1,3,11,d
5,1,3,11,d


11,d
3,11,d
1,3,11,d
2,1,3,11,d
2,1,2,10,4,1,3,11,d
10,4,1,3,11,d
10,4,10,2,1,3,11,d
4,1,3,11,d
4,1,4,10,2,1,3,11,d
5,1,3,11,d


11,d
3,11,d
1,3,11,d
2,1,3,11,d
2,1,2,10,4,1,3,11,d
10,4,1,3,11,d
10,4,10,2,1,3,11,d
4,1,3,11,d
4,1,4,10,2,1,3,11,d
5,1,3,11,d


11,d
3,11,d
1,3,11,d
2,1,3,11,d
2,1,2,10,4,1,3,11,d
10,4,1,3,11,d
10,4,10,2,1,3,11,d
4,1,3,11,d
4,1,4,10,2,1,3,11,d
5,1,3,11,d


11,d
3,11,d
1,3,11,d
2,1,3,11,d
2,1,2,10,4,1,3,11,d
10,4,1,3,11,d
10,4,10,2,1,3,11,d
4,1,3,11,d
4,1,4,10,2,1,3,11,d
5,1,3,11,d


11,d
3,11,d
1,3,11,d
2,1,3,11,d
2,1,2,10,4,1,3,11,d
10,4,1,3,11,d
10,4,10,2,1,3,11,d
4,1,3,11,d
4,1,4,10,2,1,3,11,d
5,1,3,11,d


11,d
3,11,d
1,3,11,d
2,1,3,11,d
2,1,2,10,4,1,3,11,d
10,4,1,3,11,d
10,4,10,2,1,3,11,d
4,1,3,11,d
4,1,4,10,2,1,3,11,d
5,1,3,11,d


11,d
3,11,d
1,3,11,d
2,1,3,11,d
2,1,2,10,4,1,3,11,d
10,4,1,3,11,d
10,4,10,2,1,3,11,d
4,1,3,11,d
4,1,4,10,2,1,3,11,d
5,1,3,11,d


