Checking 4
2: {1: [2, 0, 3, 1], 2: [3, 2, 0, 1], 3: [1, 2, 3, 0]}
Checking 5
3: {1: [2, 0, 3, 4, 1], 2: [3, 2, 0, 4, 1], 3: [4, 2, 3, 0, 1], 4: [1, 2, 3, 4, 0]}
Checking 6
4: {1: [2, 0, 3, 4, 5, 1], 2: [3, 2, 0, 4, 5, 1], 3: [4, 2, 3, 0, 5, 1], 4: [5, 2, 3, 4, 0, 1], 5: [1, 2, 3, 4, 5, 0]}
Checking 7
5: {1: [2, 0, 3, 4, 5, 6, 1], 2: [3, 2, 0, 4, 5, 6, 1], 3: [4, 2, 3, 0, 5, 6, 1], 4: [5, 2, 3, 4, 0, 6, 1], 5: [6, 2, 3, 4, 5, 0, 1], 6: [1, 2, 3, 4, 5, 6, 0]}
Checking 8
6: {1: [2, 0, 3, 4, 5, 6, 7, 1], 2: [3, 2, 0, 4, 5, 6, 7, 1], 3: [4, 2, 3, 0, 5, 6, 7, 1], 4: [5, 2, 3, 4, 0, 6, 7, 1], 5: [6, 2, 3, 4, 5, 0, 7, 1], 6: [7, 2, 3, 4, 5, 6, 0, 1], 7: [1, 2, 3, 4, 5, 6, 7, 0]}
Checking 9
7: {1: [2, 0, 3, 4, 5, 6, 7, 8, 1], 2: [3, 2, 0, 4, 5, 6, 7, 8, 1], 3: [4, 2, 3, 0, 5, 6, 7, 8, 1], 4: [5, 2, 3, 4, 0, 6, 7, 8, 1], 5: [6, 2, 3, 4, 5, 0, 7, 8, 1], 6: [7, 2, 3, 4, 5, 6, 0, 8, 1], 7: [8, 2, 3, 4, 5, 6, 7, 0, 1], 8: [1, 2, 3, 4, 5, 6, 7, 8, 0]}
Checking 10
8: {1: [2, 0, 3, 4, 5, 6, 7, 8, 9, 1], 2: [3, 2, 0, 4, 5, 6, 7, 8, 9, 1], 3: [4, 2, 3, 0, 5, 6, 7, 8, 9, 1], 4: [5, 2, 3, 4, 0, 6, 7, 8, 9, 1], 5: [6, 2, 3, 4, 5, 0, 7, 8, 9, 1], 6: [7, 2, 3, 4, 5, 6, 0, 8, 9, 1], 7: [8, 2, 3, 4, 5, 6, 7, 0, 9, 1], 8: [9, 2, 3, 4, 5, 6, 7, 8, 0, 1], 9: [1, 2, 3, 4, 5, 6, 7, 8, 9, 0]}
Checking 11
