FAILURE 1.0 [False, False, False, False, False, False, False, False, False, False, False, False] [(0, 7), (1, 7), (2, 7), (3, 5), (3, 6), (4, 5), (4, 6), (6, 7)]
[[0, 7, 1, 2, 6, 3, 4, 5], [0, 7, 1, 2, 6, 4, 3, 5], [0, 7, 1, 6, 2, 3, 4, 5], [0, 7, 1, 6, 2, 4, 3, 5], [0, 7, 2, 1, 6, 3, 4, 5], [0, 7, 2, 1, 6, 4, 3, 5], [0, 7, 2, 6, 1, 3, 4, 5], [0, 7, 2, 6, 1, 4, 3, 5], [0, 7, 6, 1, 2, 3, 4, 5], [0, 7, 6, 1, 2, 4, 3, 5], [0, 7, 6, 2, 1, 3, 4, 5], [0, 7, 6, 2, 1, 4, 3, 5]]
[[0], [7], [1, 2, 6], [3, 4], [5]]
FAILURE 1.0 [False, False, False, False, False, False, False, False, False, False, False, False] [(0, 7), (1, 7), (2, 6), (2, 7), (3, 5), (3, 6), (4, 5), (4, 6), (6, 7)]
[[0, 7, 1, 2, 6, 3, 4, 5], [0, 7, 1, 2, 6, 4, 3, 5], [0, 7, 1, 6, 2, 3, 4, 5], [0, 7, 1, 6, 2, 4, 3, 5], [0, 7, 2, 1, 6, 3, 4, 5], [0, 7, 2, 1, 6, 4, 3, 5], [0, 7, 2, 6, 1, 3, 4, 5], [0, 7, 2, 6, 1, 4, 3, 5], [0, 7, 6, 1, 2, 3, 4, 5], [0, 7, 6, 1, 2, 4, 3, 5], [0, 7, 6, 2, 1, 3, 4, 5], [0, 7, 6, 2, 1, 4, 3, 5]]
[[0], [7], [1, 2, 6], [3, 4], [5]]
FAILURE 1.0 [False, False, False, False, False, False, False, False] [(0, 7), (1, 7), (2, 5), (2, 6), (3, 5), (3, 6), (4, 5), (4, 6), (4, 7), (5, 6)]
[[0, 7, 1, 4, 5, 6, 2, 3], [0, 7, 1, 4, 5, 6, 3, 2], [0, 7, 1, 4, 6, 5, 2, 3], [0, 7, 1, 4, 6, 5, 3, 2], [0, 7, 4, 1, 5, 6, 2, 3], [0, 7, 4, 1, 5, 6, 3, 2], [0, 7, 4, 1, 6, 5, 2, 3], [0, 7, 4, 1, 6, 5, 3, 2]]
[[0], [7], [1, 4], [5, 6], [2, 3]]
FAILURE 1.0 [False, False, False, False, False, False, False, False] [(0, 7), (1, 6), (1, 7), (2, 4), (2, 5), (3, 4), (3, 5), (4, 5), (4, 6), (5, 6), (6, 7)]
[[0, 7, 1, 6, 4, 5, 2, 3], [0, 7, 1, 6, 4, 5, 3, 2], [0, 7, 1, 6, 5, 4, 2, 3], [0, 7, 1, 6, 5, 4, 3, 2], [0, 7, 6, 1, 4, 5, 2, 3], [0, 7, 6, 1, 4, 5, 3, 2], [0, 7, 6, 1, 5, 4, 2, 3], [0, 7, 6, 1, 5, 4, 3, 2]]
[[0], [7], [1, 6], [4, 5], [2, 3]]
FAILURE 1.0 [False, False, False, False, False, False, False, False, False, False, False, False] [(0, 7), (1, 5), (1, 6), (2, 5), (2, 6), (3, 4), (3, 5), (3, 6), (4, 5), (4, 6), (4, 7), (5, 6)]
[[0, 7, 4, 3, 5, 6, 1, 2], [0, 7, 4, 3, 5, 6, 2, 1], [0, 7, 4, 3, 6, 5, 1, 2], [0, 7, 4, 3, 6, 5, 2, 1], [0, 7, 4, 5, 3, 6, 1, 2], [0, 7, 4, 5, 3, 6, 2, 1], [0, 7, 4, 5, 6, 3, 1, 2], [0, 7, 4, 5, 6, 3, 2, 1], [0, 7, 4, 6, 3, 5, 1, 2], [0, 7, 4, 6, 3, 5, 2, 1], [0, 7, 4, 6, 5, 3, 1, 2], [0, 7, 4, 6, 5, 3, 2, 1]]
[[0], [7], [4], [3, 5, 6], [1, 2]]
FAILURE 1.0 [False, False, False, False, False, False, False, False, False, False, False, False] [(0, 7), (1, 5), (1, 6), (1, 7), (2, 3), (2, 4), (2, 5), (2, 6), (3, 4), (3, 5), (3, 6), (4, 5), (4, 6)]
[[0, 7, 1, 5, 6, 2, 3, 4], [0, 7, 1, 5, 6, 2, 4, 3], [0, 7, 1, 5, 6, 3, 2, 4], [0, 7, 1, 5, 6, 3, 4, 2], [0, 7, 1, 5, 6, 4, 2, 3], [0, 7, 1, 5, 6, 4, 3, 2], [0, 7, 1, 6, 5, 2, 3, 4], [0, 7, 1, 6, 5, 2, 4, 3], [0, 7, 1, 6, 5, 3, 2, 4], [0, 7, 1, 6, 5, 3, 4, 2], [0, 7, 1, 6, 5, 4, 2, 3], [0, 7, 1, 6, 5, 4, 3, 2]]
[[0], [7], [1], [5, 6], [2, 3, 4]]
FAILURE 1.0 [False, False, False, False, False, False, False, False, False, False, False, False] [(0, 7), (1, 4), (1, 5), (1, 6), (2, 4), (2, 5), (2, 6), (3, 4), (3, 5), (3, 6), (3, 7), (4, 5), (4, 6), (5, 6)]
[[0, 7, 3, 4, 5, 6, 1, 2], [0, 7, 3, 4, 5, 6, 2, 1], [0, 7, 3, 4, 6, 5, 1, 2], [0, 7, 3, 4, 6, 5, 2, 1], [0, 7, 3, 5, 4, 6, 1, 2], [0, 7, 3, 5, 4, 6, 2, 1], [0, 7, 3, 5, 6, 4, 1, 2], [0, 7, 3, 5, 6, 4, 2, 1], [0, 7, 3, 6, 4, 5, 1, 2], [0, 7, 3, 6, 4, 5, 2, 1], [0, 7, 3, 6, 5, 4, 1, 2], [0, 7, 3, 6, 5, 4, 2, 1]]
[[0], [7], [3], [4, 5, 6], [1, 2]]
FAILURE 2.0 [False, False, False, False, False, False, False, False, False, False, False, False, False, False, False, False, False, False, False, False, False, False, False, False, False, False, False, False, False, False, False, False, False, False, False, False, False, False, False, False, False, False, False, False, False, False, False, False] [(0, 6), (0, 7), (1, 4), (1, 5), (1, 7), (2, 3), (2, 4), (2, 5), (2, 7), (3, 4), (3, 5), (3, 7), (4, 5), (5, 7), (6, 7)]
[[0, 6, 7, 1, 2, 3, 5, 4], [0, 6, 7, 1, 2, 5, 3, 4], [0, 6, 7, 1, 3, 2, 5, 4], [0, 6, 7, 1, 3, 5, 2, 4], [0, 6, 7, 1, 5, 2, 3, 4], [0, 6, 7, 1, 5, 3, 2, 4], [0, 6, 7, 2, 1, 3, 5, 4], [0, 6, 7, 2, 1, 5, 3, 4], [0, 6, 7, 2, 3, 1, 5, 4], [0, 6, 7, 2, 3, 5, 1, 4], [0, 6, 7, 2, 5, 1, 3, 4], [0, 6, 7, 2, 5, 3, 1, 4], [0, 6, 7, 3, 1, 2, 5, 4], [0, 6, 7, 3, 1, 5, 2, 4], [0, 6, 7, 3, 2, 1, 5, 4], [0, 6, 7, 3, 2, 5, 1, 4], [0, 6, 7, 3, 5, 1, 2, 4], [0, 6, 7, 3, 5, 2, 1, 4], [0, 6, 7, 5, 1, 2, 3, 4], [0, 6, 7, 5, 1, 3, 2, 4], [0, 6, 7, 5, 2, 1, 3, 4], [0, 6, 7, 5, 2, 3, 1, 4], [0, 6, 7, 5, 3, 1, 2, 4], [0, 6, 7, 5, 3, 2, 1, 4], [0, 7, 6, 1, 2, 3, 5, 4], [0, 7, 6, 1, 2, 5, 3, 4], [0, 7, 6, 1, 3, 2, 5, 4], [0, 7, 6, 1, 3, 5, 2, 4], [0, 7, 6, 1, 5, 2, 3, 4], [0, 7, 6, 1, 5, 3, 2, 4], [0, 7, 6, 2, 1, 3, 5, 4], [0, 7, 6, 2, 1, 5, 3, 4], [0, 7, 6, 2, 3, 1, 5, 4], [0, 7, 6, 2, 3, 5, 1, 4], [0, 7, 6, 2, 5, 1, 3, 4], [0, 7, 6, 2, 5, 3, 1, 4], [0, 7, 6, 3, 1, 2, 5, 4], [0, 7, 6, 3, 1, 5, 2, 4], [0, 7, 6, 3, 2, 1, 5, 4], [0, 7, 6, 3, 2, 5, 1, 4], [0, 7, 6, 3, 5, 1, 2, 4], [0, 7, 6, 3, 5, 2, 1, 4], [0, 7, 6, 5, 1, 2, 3, 4], [0, 7, 6, 5, 1, 3, 2, 4], [0, 7, 6, 5, 2, 1, 3, 4], [0, 7, 6, 5, 2, 3, 1, 4], [0, 7, 6, 5, 3, 1, 2, 4], [0, 7, 6, 5, 3, 2, 1, 4]]
[[0], [6, 7], [1, 2, 3, 5], [4]]
FAILURE 2.0 [False, False, False, False, False, False, False, False, False, False, False, False, False, False, False, False, False, False, False, False, False, False, False, False, False, False, False, False, False, False, False, False, False, False, False, False, False, False, False, False, False, False, False, False, False, False, False, False] [(0, 6), (0, 7), (1, 3), (1, 4), (1, 5), (1, 7), (2, 3), (2, 4), (2, 5), (2, 7), (3, 4), (3, 5), (4, 5), (4, 7), (5, 7), (6, 7)]
[[0, 6, 7, 1, 2, 4, 5, 3], [0, 6, 7, 1, 2, 5, 4, 3], [0, 6, 7, 1, 4, 2, 5, 3], [0, 6, 7, 1, 4, 5, 2, 3], [0, 6, 7, 1, 5, 2, 4, 3], [0, 6, 7, 1, 5, 4, 2, 3], [0, 6, 7, 2, 1, 4, 5, 3], [0, 6, 7, 2, 1, 5, 4, 3], [0, 6, 7, 2, 4, 1, 5, 3], [0, 6, 7, 2, 4, 5, 1, 3], [0, 6, 7, 2, 5, 1, 4, 3], [0, 6, 7, 2, 5, 4, 1, 3], [0, 6, 7, 4, 1, 2, 5, 3], [0, 6, 7, 4, 1, 5, 2, 3], [0, 6, 7, 4, 2, 1, 5, 3], [0, 6, 7, 4, 2, 5, 1, 3], [0, 6, 7, 4, 5, 1, 2, 3], [0, 6, 7, 4, 5, 2, 1, 3], [0, 6, 7, 5, 1, 2, 4, 3], [0, 6, 7, 5, 1, 4, 2, 3], [0, 6, 7, 5, 2, 1, 4, 3], [0, 6, 7, 5, 2, 4, 1, 3], [0, 6, 7, 5, 4, 1, 2, 3], [0, 6, 7, 5, 4, 2, 1, 3], [0, 7, 6, 1, 2, 4, 5, 3], [0, 7, 6, 1, 2, 5, 4, 3], [0, 7, 6, 1, 4, 2, 5, 3], [0, 7, 6, 1, 4, 5, 2, 3], [0, 7, 6, 1, 5, 2, 4, 3], [0, 7, 6, 1, 5, 4, 2, 3], [0, 7, 6, 2, 1, 4, 5, 3], [0, 7, 6, 2, 1, 5, 4, 3], [0, 7, 6, 2, 4, 1, 5, 3], [0, 7, 6, 2, 4, 5, 1, 3], [0, 7, 6, 2, 5, 1, 4, 3], [0, 7, 6, 2, 5, 4, 1, 3], [0, 7, 6, 4, 1, 2, 5, 3], [0, 7, 6, 4, 1, 5, 2, 3], [0, 7, 6, 4, 2, 1, 5, 3], [0, 7, 6, 4, 2, 5, 1, 3], [0, 7, 6, 4, 5, 1, 2, 3], [0, 7, 6, 4, 5, 2, 1, 3], [0, 7, 6, 5, 1, 2, 4, 3], [0, 7, 6, 5, 1, 4, 2, 3], [0, 7, 6, 5, 2, 1, 4, 3], [0, 7, 6, 5, 2, 4, 1, 3], [0, 7, 6, 5, 4, 1, 2, 3], [0, 7, 6, 5, 4, 2, 1, 3]]
[[0], [6, 7], [1, 2, 4, 5], [3]]
FAILURE 2.0 [False, False, False, False, False, False, False, False, False, False, False, False, False, False, False, False, False, False, False, False, False, False, False, False, False, False, False, False, False, False, False, False, False, False, False, False, False, False, False, False, False, False, False, False, False, False, False, False] [(0, 6), (0, 7), (1, 2), (1, 3), (1, 4), (1, 5), (2, 3), (2, 4), (2, 5), (2, 7), (3, 4), (3, 5), (3, 7), (4, 5), (4, 7), (5, 7), (6, 7)]
[[0, 6, 7, 2, 3, 4, 5, 1], [0, 6, 7, 2, 3, 5, 4, 1], [0, 6, 7, 2, 4, 3, 5, 1], [0, 6, 7, 2, 4, 5, 3, 1], [0, 6, 7, 2, 5, 3, 4, 1], [0, 6, 7, 2, 5, 4, 3, 1], [0, 6, 7, 3, 2, 4, 5, 1], [0, 6, 7, 3, 2, 5, 4, 1], [0, 6, 7, 3, 4, 2, 5, 1], [0, 6, 7, 3, 4, 5, 2, 1], [0, 6, 7, 3, 5, 2, 4, 1], [0, 6, 7, 3, 5, 4, 2, 1], [0, 6, 7, 4, 2, 3, 5, 1], [0, 6, 7, 4, 2, 5, 3, 1], [0, 6, 7, 4, 3, 2, 5, 1], [0, 6, 7, 4, 3, 5, 2, 1], [0, 6, 7, 4, 5, 2, 3, 1], [0, 6, 7, 4, 5, 3, 2, 1], [0, 6, 7, 5, 2, 3, 4, 1], [0, 6, 7, 5, 2, 4, 3, 1], [0, 6, 7, 5, 3, 2, 4, 1], [0, 6, 7, 5, 3, 4, 2, 1], [0, 6, 7, 5, 4, 2, 3, 1], [0, 6, 7, 5, 4, 3, 2, 1], [0, 7, 6, 2, 3, 4, 5, 1], [0, 7, 6, 2, 3, 5, 4, 1], [0, 7, 6, 2, 4, 3, 5, 1], [0, 7, 6, 2, 4, 5, 3, 1], [0, 7, 6, 2, 5, 3, 4, 1], [0, 7, 6, 2, 5, 4, 3, 1], [0, 7, 6, 3, 2, 4, 5, 1], [0, 7, 6, 3, 2, 5, 4, 1], [0, 7, 6, 3, 4, 2, 5, 1], [0, 7, 6, 3, 4, 5, 2, 1], [0, 7, 6, 3, 5, 2, 4, 1], [0, 7, 6, 3, 5, 4, 2, 1], [0, 7, 6, 4, 2, 3, 5, 1], [0, 7, 6, 4, 2, 5, 3, 1], [0, 7, 6, 4, 3, 2, 5, 1], [0, 7, 6, 4, 3, 5, 2, 1], [0, 7, 6, 4, 5, 2, 3, 1], [0, 7, 6, 4, 5, 3, 2, 1], [0, 7, 6, 5, 2, 3, 4, 1], [0, 7, 6, 5, 2, 4, 3, 1], [0, 7, 6, 5, 3, 2, 4, 1], [0, 7, 6, 5, 3, 4, 2, 1], [0, 7, 6, 5, 4, 2, 3, 1], [0, 7, 6, 5, 4, 3, 2, 1]]
[[0], [6, 7], [2, 3, 4, 5], [1]]
FAILURE 3.0 [False, False, False, False, False, False, False, False, False, False, False, False, False, False, False, False, False, False, False, False, False, False, False, False, False, False, False, False, False, False, False, False, False, False, False, False] [(0, 5), (0, 6), (0, 7), (1, 2), (1, 3), (1, 4), (2, 3), (2, 4), (2, 6), (2, 7), (3, 4), (3, 6), (3, 7), (4, 6), (4, 7), (5, 6), (5, 7), (6, 7)]
[[0, 5, 6, 7, 2, 3, 4, 1], [0, 5, 6, 7, 2, 4, 3, 1], [0, 5, 6, 7, 3, 2, 4, 1], [0, 5, 6, 7, 3, 4, 2, 1], [0, 5, 6, 7, 4, 2, 3, 1], [0, 5, 6, 7, 4, 3, 2, 1], [0, 5, 7, 6, 2, 3, 4, 1], [0, 5, 7, 6, 2, 4, 3, 1], [0, 5, 7, 6, 3, 2, 4, 1], [0, 5, 7, 6, 3, 4, 2, 1], [0, 5, 7, 6, 4, 2, 3, 1], [0, 5, 7, 6, 4, 3, 2, 1], [0, 6, 5, 7, 2, 3, 4, 1], [0, 6, 5, 7, 2, 4, 3, 1], [0, 6, 5, 7, 3, 2, 4, 1], [0, 6, 5, 7, 3, 4, 2, 1], [0, 6, 5, 7, 4, 2, 3, 1], [0, 6, 5, 7, 4, 3, 2, 1], [0, 6, 7, 5, 2, 3, 4, 1], [0, 6, 7, 5, 2, 4, 3, 1], [0, 6, 7, 5, 3, 2, 4, 1], [0, 6, 7, 5, 3, 4, 2, 1], [0, 6, 7, 5, 4, 2, 3, 1], [0, 6, 7, 5, 4, 3, 2, 1], [0, 7, 5, 6, 2, 3, 4, 1], [0, 7, 5, 6, 2, 4, 3, 1], [0, 7, 5, 6, 3, 2, 4, 1], [0, 7, 5, 6, 3, 4, 2, 1], [0, 7, 5, 6, 4, 2, 3, 1], [0, 7, 5, 6, 4, 3, 2, 1], [0, 7, 6, 5, 2, 3, 4, 1], [0, 7, 6, 5, 2, 4, 3, 1], [0, 7, 6, 5, 3, 2, 4, 1], [0, 7, 6, 5, 3, 4, 2, 1], [0, 7, 6, 5, 4, 2, 3, 1], [0, 7, 6, 5, 4, 3, 2, 1]]
[[0], [5, 6, 7], [2, 3, 4], [1]]
