FAILURE 1.0 [False, False, False, False] [(0, 6), (1, 6), (2, 4), (2, 5), (3, 4), (3, 5), (5, 6)]
[[0, 6, 1, 5, 2, 3, 4], [0, 6, 1, 5, 3, 2, 4], [0, 6, 5, 1, 2, 3, 4], [0, 6, 5, 1, 3, 2, 4]]
[[0], [6], [1, 5], [2, 3], [4]]
FAILURE 1.0 [False, False, False, False] [(0, 6), (1, 5), (1, 6), (2, 4), (2, 5), (3, 4), (3, 5), (5, 6)]
[[0, 6, 1, 5, 2, 3, 4], [0, 6, 1, 5, 3, 2, 4], [0, 6, 5, 1, 2, 3, 4], [0, 6, 5, 1, 3, 2, 4]]
[[0], [6], [1, 5], [2, 3], [4]]
FAILURE 1.0 [False, False, False, False] [(0, 6), (1, 4), (1, 5), (2, 4), (2, 5), (3, 4), (3, 5), (3, 6), (4, 5)]
[[0, 6, 3, 4, 5, 1, 2], [0, 6, 3, 4, 5, 2, 1], [0, 6, 3, 5, 4, 1, 2], [0, 6, 3, 5, 4, 2, 1]]
[[0], [6], [3], [4, 5], [1, 2]]
FAILURE 2.0 [False, False, False, False, False, False, False, False, False, False, False, False] [(0, 5), (0, 6), (1, 5), (1, 6), (2, 3), (2, 4), (3, 4), (3, 6), (4, 6), (5, 6)]
[[0, 5, 6, 1, 3, 4, 2], [0, 5, 6, 1, 4, 3, 2], [0, 5, 6, 3, 1, 4, 2], [0, 5, 6, 3, 4, 1, 2], [0, 5, 6, 4, 1, 3, 2], [0, 5, 6, 4, 3, 1, 2], [0, 6, 5, 1, 3, 4, 2], [0, 6, 5, 1, 4, 3, 2], [0, 6, 5, 3, 1, 4, 2], [0, 6, 5, 3, 4, 1, 2], [0, 6, 5, 4, 1, 3, 2], [0, 6, 5, 4, 3, 1, 2]]
[[0], [5, 6], [1, 3, 4], [2]]
FAILURE 2.0 [False, False, False, False, False, False, False, False, False, False, False, False] [(0, 5), (0, 6), (1, 3), (1, 4), (2, 3), (2, 4), (2, 5), (2, 6), (3, 6), (4, 6), (5, 6)]
[[0, 5, 6, 2, 3, 4, 1], [0, 5, 6, 2, 4, 3, 1], [0, 5, 6, 3, 2, 4, 1], [0, 5, 6, 3, 4, 2, 1], [0, 5, 6, 4, 2, 3, 1], [0, 5, 6, 4, 3, 2, 1], [0, 6, 5, 2, 3, 4, 1], [0, 6, 5, 2, 4, 3, 1], [0, 6, 5, 3, 2, 4, 1], [0, 6, 5, 3, 4, 2, 1], [0, 6, 5, 4, 2, 3, 1], [0, 6, 5, 4, 3, 2, 1]]
[[0], [5, 6], [2, 3, 4], [1]]
FAILURE 2.0 [False, False, False, False, False, False, False, False, False, False, False, False] [(0, 5), (0, 6), (1, 2), (1, 3), (1, 4), (2, 3), (2, 4), (2, 6), (3, 4), (3, 6), (4, 6), (5, 6)]
[[0, 5, 6, 2, 3, 4, 1], [0, 5, 6, 2, 4, 3, 1], [0, 5, 6, 3, 2, 4, 1], [0, 5, 6, 3, 4, 2, 1], [0, 5, 6, 4, 2, 3, 1], [0, 5, 6, 4, 3, 2, 1], [0, 6, 5, 2, 3, 4, 1], [0, 6, 5, 2, 4, 3, 1], [0, 6, 5, 3, 2, 4, 1], [0, 6, 5, 3, 4, 2, 1], [0, 6, 5, 4, 2, 3, 1], [0, 6, 5, 4, 3, 2, 1]]
[[0], [5, 6], [2, 3, 4], [1]]
FAILURE 3.0 [False, False, False, False, False, False, False, False, False, False, False, False, False, False, False, False, False, False, False, False, False, False, False, False, False, False, False, False, False, False, False, False, False, False, False, False] [(0, 4), (0, 5), (0, 6), (1, 2), (1, 3), (1, 5), (1, 6), (2, 3), (2, 5), (2, 6), (3, 4), (3, 6), (4, 5)]
[[0, 4, 5, 6, 1, 2, 3], [0, 4, 5, 6, 1, 3, 2], [0, 4, 5, 6, 2, 1, 3], [0, 4, 5, 6, 2, 3, 1], [0, 4, 5, 6, 3, 1, 2], [0, 4, 5, 6, 3, 2, 1], [0, 4, 6, 5, 1, 2, 3], [0, 4, 6, 5, 1, 3, 2], [0, 4, 6, 5, 2, 1, 3], [0, 4, 6, 5, 2, 3, 1], [0, 4, 6, 5, 3, 1, 2], [0, 4, 6, 5, 3, 2, 1], [0, 5, 4, 6, 1, 2, 3], [0, 5, 4, 6, 1, 3, 2], [0, 5, 4, 6, 2, 1, 3], [0, 5, 4, 6, 2, 3, 1], [0, 5, 4, 6, 3, 1, 2], [0, 5, 4, 6, 3, 2, 1], [0, 5, 6, 4, 1, 2, 3], [0, 5, 6, 4, 1, 3, 2], [0, 5, 6, 4, 2, 1, 3], [0, 5, 6, 4, 2, 3, 1], [0, 5, 6, 4, 3, 1, 2], [0, 5, 6, 4, 3, 2, 1], [0, 6, 4, 5, 1, 2, 3], [0, 6, 4, 5, 1, 3, 2], [0, 6, 4, 5, 2, 1, 3], [0, 6, 4, 5, 2, 3, 1], [0, 6, 4, 5, 3, 1, 2], [0, 6, 4, 5, 3, 2, 1], [0, 6, 5, 4, 1, 2, 3], [0, 6, 5, 4, 1, 3, 2], [0, 6, 5, 4, 2, 1, 3], [0, 6, 5, 4, 2, 3, 1], [0, 6, 5, 4, 3, 1, 2], [0, 6, 5, 4, 3, 2, 1]]
[[0], [4, 5, 6], [1, 2, 3]]
