1 0 0 0 0
4 2 0 X 0
1 0 0 X X
4 X X 0 0
1 3 X 0 0


1 0 0 0 0
2 0 4 X 0
1 0 0 X X
4 X X 0 0
3 0 X 1 0


1 0 0 0 0
2 2 4 X 0
1 0 0 X X
4 X X 0 0
3 0 X 1 0


1 0 0 0 0
4 2 0 X 0
1 0 0 X X
4 X X 0 0
1 0 X 0 3


1 0 0 0 0
4 0 0 X 2
1 0 0 X X
4 X X 0 0
1 0 X 0 3


1 0 0 0 0
4 2 0 X 2
1 0 0 X X
4 X X 0 0
1 0 X 0 3


1 0 0 0 0
4 2 0 X 0
1 0 0 X X
4 X X 0 0
1 3 X 0 3


1 0 0 0 0
4 2 0 X 2
1 0 0 X X
4 X X 0 0
1 3 X 0 3


1 0 0 0 0
2 0 4 X 0
1 0 0 X X
4 X X 0 0
3 0 X 1 3


1 0 0 0 0
2 2 4 X 0
1 0 0 X X
4 X X 0 0
3 0 X 1 3


